TokenID	Rarity Score
------------------------------
588	5.5829130046358895
314	5.443365644366756
2017	5.245117923873189
230	5.2163161682915655
2539	5.195939933259176
857	4.873766048117382
1789	4.871331269349845
2123	4.592188567162758
2372	4.52232441471572
2578	4.519363753881815
645	4.505449576679884
2238	4.426700498937268
482	4.416609100030874
1963	4.416467065868265
1277	4.387273974348859
1723	4.368123184644983
919	4.35212981744422
1177	4.345206319434427
863	4.339278198704914
1073	4.314183960481943
2223	4.2959844447901
2171	4.289952013959576
453	4.278091784890856
2036	4.270931253905797
330	4.269404574244827
2435	4.267630312423526
1675	4.257491923449056
180	4.249743649035153
2431	4.232683899377611
1508	4.228784964319232
1533	4.228784964319232
366	4.218143411486144
2454	4.211088573360379
922	4.202852898887808
2243	4.191689192158931
120	4.176869077480491
2271	4.175275270985871
1008	4.172372652102899
1745	4.168537690973194
2496	4.153690003798579
894	4.151162161629101
962	4.15092579128496
2385	4.148693549540154
591	4.14429070528252
2363	4.13965772853517
2265	4.13835923887899
2170	4.129940119760479
2489	4.121472500597493
428	4.112942480877827
852	4.112781492237155
866	4.101279162617377
473	4.099365646559018
85	4.095421909495102
1930	4.091142835693908
2248	4.083098995695838
2598	4.081399910560193
1470	4.069443146211906
2235	4.069397721221996
1806	4.065713561474858
1150	4.061410907859079
1260	4.055417764228846
2584	4.055367752787651
2521	4.05241925943452
1022	4.039561546567951
1911	4.036138045668057
1776	4.035346756563442
1692	4.035114998380306
997	4.031767450554032
2615	4.031632322796419
1563	4.024831076445551
2570	4.023036091830967
1867	4.018742540830969
2647	4.018742540830969
1645	4.010797013634679
821	3.9897431200691957
388	3.984417370414938
2136	3.9781415114015575
1966	3.9697351381821666
141	3.968849451928036
2440	3.966449412864725
239	3.9618824733974476
46	3.960360528498759
225	3.958850239126772
1292	3.9514959435219725
2277	3.948928197054313
732	3.947303205111622
842	3.9440924181075014
1103	3.9398117788812623
991	3.9303976527668505
297	3.930376518983356
2209	3.9255968830917403
590	3.92201586408974
2579	3.920531561461794
786	3.9175974984188735
2330	3.9054472825518975
133	3.9048514321424426
2333	3.9047551417701287
888	3.9026071789065915
1467	3.9022176500674193
816	3.896372673679343
2494	3.8963304362150226
1032	3.894214475296039
2164	3.89261051856206
941	3.8923010018490847
1490	3.882102580473288
1748	3.875356058700699
1524	3.870447203135505
571	3.8698575028927387
1098	3.8644473466335163
607	3.8563990409432543
355	3.8529115077877143
2365	3.851018019025659
631	3.8419747240062745
1485	3.8410278592689346
2070	3.8409618461637036
1351	3.8403552300199792
943	3.840205743762204
79	3.838492463809889
1838	3.8322389775219317
1572	3.831857164164264
913	3.8284880584694667
1462	3.824014505455697
1992	3.8231290781611857
1232	3.8219717048841098
2350	3.81996335753065
1605	3.8095199800275377
1371	3.8011595971925543
942	3.793981481481482
1486	3.78874960251703
1664	3.787417151681256
1510	3.7815421979356416
1426	3.779119387453989
2424	3.778028808568665
172	3.774381278836212
1220	3.773851937289076
384	3.771967652271995
2152	3.770645538645064
2190	3.769220122438115
2627	3.7636966241155623
1804	3.7593087722435836
1078	3.757689776217639
1203	3.7529117635557045
2079	3.7525309551975945
66	3.7524092274521763
1374	3.7522016941726304
1860	3.747128644430681
2322	3.7470001716612984
2244	3.7463849604886508
1253	3.7439602051691367
647	3.743633188605652
655	3.7405842457917955
828	3.7371082709848635
215	3.735106916850779
2262	3.731811564613773
2557	3.731444740884469
1514	3.730690934331275
1143	3.7298926060418762
2206	3.7266479416702416
496	3.7264574451572767
682	3.7263380296073496
1396	3.7175951307112824
1233	3.7169774505292223
1881	3.7166166541635417
523	3.7132899728997293
1358	3.701577404185993
2376	3.6977791675880995
1305	3.693691675690259
2373	3.6834133975639327
657	3.6819530057979852
483	3.6812479357733707
2610	3.6782589354195427
2199	3.6746377892805557
712	3.6712403968040848
1174	3.6704381827209533
1160	3.669092836688746
1095	3.6689082096653114
1847	3.6648344959527077
1126	3.664662180216357
2221	3.6638642635877217
1624	3.6603809075022364
1516	3.659663086403266
1079	3.659041477132352
2181	3.6560002514267547
54	3.6551247724393443
2161	3.654150048870365
2364	3.6531510107015466
1471	3.6528128655624057
1541	3.6515320113938947
1537	3.646100587300355
2361	3.646012363805695
929	3.6439799202981105
65	3.6439536329396276
2453	3.6433805199756586
987	3.643242138276722
2097	3.6397429980243388
232	3.6391491767366264
1283	3.639071510957324
104	3.6389731390623465
1081	3.636133004272484
896	3.6330065391536306
2095	3.6320503824311303
2117	3.6294655971076715
349	3.6284218831814545
2669	3.6214908579465543
1086	3.6214626162398544
583	3.6204079916999183
1383	3.619813015913504
529	3.619328747628083
1492	3.618253879262774
312	3.6182481728222875
458	3.616229148867513
1356	3.6143501971852166
959	3.604838709677419
673	3.6039049955483673
757	3.6022603639658692
1906	3.6013381916973373
1010	3.598989366845856
541	3.5969828634700747
1266	3.5953431276095262
1070	3.5890018522329705
628	3.5860816865374163
1481	3.5762577333058276
648	3.572962043173094
110	3.572776442307693
1250	3.572073554949379
194	3.564616920931322
2583	3.5629892611070653
802	3.5612879385100524
2591	3.5611426354333378
2437	3.5603057175416395
755	3.558714964256224
491	3.5575193798449622
650	3.5566610006932113
364	3.5536317193848124
2158	3.552111774252485
2497	3.550406620501725
513	3.549217295938363
656	3.545903588122096
2445	3.5432761042743546
1964	3.5429383725780217
1999	3.5426425739431546
1756	3.5376708619648327
456	3.536107451366986
350	3.535988940939279
1680	3.53545880031776
1713	3.5339287245641766
545	3.532011033941974
2449	3.5316558794890898
1677	3.530848978415152
1074	3.529786876757953
955	3.5176542450306316
1348	3.5118440268310356
2329	3.5117346317287046
2415	3.510764252741576
336	3.5099365085173733
1712	3.509720128684808
1461	3.508226073237836
354	3.502441910922822
1711	3.502059352744251
1956	3.5017480577136513
1216	3.497710524525695
1929	3.496587861019275
1918	3.4959731320453566
700	3.4958123924317785
195	3.494549682519396
2258	3.492872264263208
573	3.4925995426912246
499	3.492315379920659
2369	3.4896963771658256
668	3.4887643835760698
2651	3.48746541999957
567	3.481299201166633
1129	3.4784535118053066
1644	3.4768445753803197
102	3.4747709052456726
761	3.4722192253749053
2121	3.4722192253749053
1620	3.472126986174026
2381	3.470401632132983
2575	3.468541594152454
711	3.4684391008001363
1033	3.465986115956051
1239	3.4659001145491932
216	3.465848627076248
360	3.464324467760722
88	3.4634429465575347
1699	3.462884416812887
2402	3.4620635721504276
461	3.460983114919355
162	3.459617748362261
1139	3.4544046852308594
1134	3.4498552083819014
335	3.447543083679075
1604	3.447166648593943
876	3.4459058732107497
2371	3.444840873412302
1676	3.444817119380352
1577	3.4435361831279474
739	3.4432667622397957
1121	3.442229399942579
2336	3.440638324824809
1967	3.434547152194211
1306	3.43307210031348
1887	3.4296872190455643
2218	3.42817708873705
1603	3.4278890599429794
1512	3.4223897101223146
1497	3.4206559263521297
132	3.4177790079952306
1015	3.4174383361204015
2503	3.40975475842757
1388	3.4066715120942517
395	3.4061353872478315
497	3.4052229115567743
2411	3.4018059548004276
1734	3.40173564753004
385	3.4008646051255242
676	3.4004767003298157
1418	3.4002628037182583
1372	3.4001198151642
1414	3.3955229844716888
183	3.395390346855109
2126	3.393706125452899
999	3.39296393593453
2256	3.392073500790828
1773	3.391034482758621
1567	3.3882773321752264
371	3.3876676019857546
626	3.387326961704006
1997	3.386641302743567
978	3.3854513842070526
817	3.3818280542986425
1131	3.3816551218525635
920	3.3811289733335217
2045	3.378897458301318
2638	3.3771890583393853
1154	3.3771695070999224
2213	3.377079193692906
158	3.3767672105838007
1865	3.3765688926042485
2528	3.3765688926042485
223	3.3764564190864594
964	3.3737271609800334
2254	3.373686974166794
152	3.372393234640211
375	3.3718586455945174
160	3.3711862470004186
493	3.371144278606965
1108	3.3703802094314432
1084	3.3661570375022034
2506	3.3660086064719152
707	3.363890422211516
1827	3.3623263891636723
1496	3.360899376860318
1363	3.360837698885596
972	3.360578795673078
2144	3.3598929291369917
627	3.359801874763553
221	3.3567420022142302
2508	3.3565379403794044
2098	3.3556021916871623
1758	3.3549763299010293
2232	3.3546681448947835
1547	3.3534637587699185
629	3.352611324903793
1406	3.3508678669362792
2185	3.3502759357916974
848	3.34661191661084
1540	3.346024004758392
2592	3.3448578174622656
2655	3.342885427876231
1240	3.3423946911113407
1575	3.3414952619843934
1689	3.340428721823371
2393	3.3398243589492833
830	3.33930888360331
2091	3.338634967542709
2348	3.3371362688449473
1853	3.3358754889285303
1328	3.3338528595958263
1031	3.3336313912009508
1251	3.3331826912213307
134	3.3328918820531492
2233	3.3327995095611986
1702	3.332491142006828
2554	3.330003779257754
234	3.3297369620056223
1937	3.329036530184306
198	3.326033101412608
1091	3.3225094934503905
2487	3.320175936202573
1781	3.319292635658915
1557	3.3188700943274614
459	3.3180363935669126
531	3.316604377595548
2285	3.3160328667575047
51	3.309659442617627
2619	3.3096514845748084
1054	3.3085276640367525
807	3.308248675591788
405	3.3075756480196405
480	3.3070460125974157
1326	3.306507230255839
1606	3.3039682542382685
2555	3.3037670579278102
1660	3.3030470947439876
2404	3.301806466805772
965	3.3006822393591584
1828	3.299763423560293
1869	3.2997634235602917
1504	3.299311368220919
2188	3.2972070723205205
2132	3.2968390804597703
2450	3.2928035011201504
1378	3.2909342940470068
684	3.2905923720963686
124	3.2903418610182524
730	3.2897305967847643
1275	3.2894650360320172
1007	3.2860259722558616
56	3.2859059391015975
2525	3.2851779261082514
96	3.2825282752053164
64	3.279646020376062
1866	3.2789884032028795
1927	3.2778390441980525
2451	3.2741022592152196
2403	3.2725566902454415
2490	3.269567793785415
199	3.2686979231438875
1729	3.268689573440174
2284	3.2655615959067332
464	3.2653028400236037
1914	3.2635996866851937
69	3.2623573580712475
1045	3.261919237432809
749	3.2601636657721405
1430	3.2591879483500725
2305	3.2585264254100497
2406	3.2576997368172447
1784	3.257426778242678
2030	3.2558687190721143
2407	3.2545550847457627
1114	3.253975500889908
434	3.2527664735377653
1765	3.2497479617982767
2225	3.249383272317657
1663	3.249128726287263
551	3.2488391579672524
267	3.248665469693637
936	3.2479551201011376
1466	3.2469092763364227
1394	3.245907436825013
413	3.245325969827586
908	3.244816399275994
1704	3.243653798917882
1892	3.2434555436360193
528	3.239168721380768
660	3.238471638514822
252	3.237973512661326
1392	3.2375909897265696
1978	3.2368360546387867
1570	3.234009043649451
521	3.233137753795791
307	3.2328593642744066
940	3.2319055212540935
1469	3.230883941555452
298	3.2283151716824507
489	3.2269179565521857
305	3.225900494272946
854	3.220333412128277
2519	3.220333412128277
1995	3.219490328189524
2577	3.2190314446321016
666	3.21888575562281
351	3.2161698793528695
1525	3.2151474926253694
2050	3.213326609275524
1456	3.2125874037063316
1611	3.212175648702595
1601	3.211488447867299
2509	3.2113441423271887
1117	3.2112002100199244
1986	3.2089981319876215
1379	3.2072284101312176
951	3.206392574846336
1380	3.2046990795670265
2486	3.2044632108298927
1922	3.20370997134812
1231	3.203014860577725
2344	3.2029759467973298
1301	3.202266292735043
490	3.200806376257832
856	3.1993513683193227
1658	3.198562028566843
2367	3.1983893239892405
1621	3.198048780487805
1970	3.196457711442786
2234	3.195694703220654
2182	3.195060889208407
189	3.194929037262277
1340	3.193568505901364
1864	3.1895180646679284
771	3.1890424987199193
59	3.1886445353202197
299	3.1883428404270884
2041	3.1882806634359433
1836	3.187948723752087
1761	3.1866408475101347
2517	3.1862068965517247
1252	3.1847095605423092
1288	3.1831036873257066
2245	3.182513209121246
2289	3.180307610174565
2502	3.1798024579836923
2416	3.1790222398992416
1473	3.179022239899241
2523	3.17556583097584
1146	3.174874733619661
1899	3.1732322108516042
2546	3.1711537404496237
1334	3.1700227474738027
466	3.169191105381888
2390	3.166114742193173
2630	3.1649655172413786
1515	3.164601769911505
511	3.1632973939243016
342	3.16320672862017
935	3.1605009226366065
1494	3.157108352844451
390	3.15678393566442
1991	3.1559885756403174
758	3.1559623969994983
255	3.154443702697804
1427	3.1533241395385767
990	3.150948141424266
1299	3.1504233332727973
2567	3.1480792682926837
333	3.146236559139785
142	3.144923104363257
2241	3.1442088910295984
1638	3.1431012808349146
332	3.142594410768661
1296	3.142086325366982
1339	3.1418981596813733
2392	3.141397584836989
1213	3.1409853387927624
2485	3.1409458558651693
1257	3.138185638455864
2019	3.1372640604920994
213	3.1367582773935396
2162	3.1364138534296355
2586	3.13623309279905
2312	3.1356012658227845
2396	3.1351419447455546
2469	3.133902486986251
1822	3.1333493146325417
2472	3.1314081468480324
2620	3.1304385784232007
1539	3.1285217694927643
1171	3.128450300940345
2612	3.1275035868005734
410	3.1244425909234637
1290	3.1229226507969168
563	3.1223820604862738
2077	3.118396536018447
974	3.117760584972535
2286	3.1171252371916514
2048	3.1159739830561235
1728	3.1145360967607254
148	3.114187387911396
2380	3.113553730763384
2452	3.113532362807325
1673	3.111001637541447
2139	3.109576978939724
822	3.1089894903738937
2324	3.1061015164670525
179	3.1048333748571726
1247	3.1042002468820944
1935	3.103031469304699
285	3.1023602163671757
376	3.100834965523337
399	3.0997777615263353
260	3.0991633153535676
801	3.09827665849412
2026	3.097117250287027
1592	3.0913706827168705
1124	3.0876152628049427
524	3.0874662182620654
1598	3.086353947350876
2463	3.0830596713362075
1824	3.081731338862559
2588	3.0814547469888165
1782	3.0813884092095396
1657	3.0799301401300507
916	3.0798219813247356
306	3.0795460808354935
709	3.0770509248559312
675	3.0767271294244187
1066	3.075465076228789
406	3.0716867339831686
1222	3.0708777595326637
1169	3.0701449054685557
1501	3.068881992631911
569	3.067807720815336
1891	3.067690457664285
471	3.067007674990356
1977	3.06676167621888
602	3.066167664670659
1870	3.0658257656653087
1342	3.0614453005797992
1046	3.0613002011809
542	3.061123816401861
2665	3.0603387481595634
2624	3.0594723895854656
873	3.058402575983664
540	3.058038037785378
1381	3.0573211781206173
242	3.057161083803284
2197	3.0547199839847856
442	3.0546239266286026
2413	3.0533999618938936
1787	3.053298387096774
2010	3.051601209164099
1164	3.0515015479876166
968	3.0505122027450877
2483	3.0491144518526903
1040	3.0482118729842034
558	3.0454804474760886
826	3.0427398361870033
613	3.0420516485284717
815	3.041379310344828
1359	3.041363669090648
1691	3.041007712471186
507	3.0401288920722593
1796	3.0391559438695386
915	3.038691836029596
661	3.0373170354535386
1579	3.0348874664202836
116	3.033717325576945
1029	3.033179114342367
2461	3.032732006571974
55	3.032504055377993
2552	3.0324034301279394
1285	3.032003449109436
398	3.0307839917296397
2548	3.029181264982482
1856	3.02858298665213
2037	3.023724242097313
431	3.0231569177922695
1965	3.0231400903988406
1932	3.0229192482232605
670	3.022481757713252
2205	3.0220101581255294
1794	3.0184681195953047
1654	3.018011899751025
2301	3.0164451531704874
1666	3.0159801136363638
2071	3.0158032052975434
617	3.0150733016725177
415	3.013668079158802
553	3.0128676470588234
1005	3.0119795504789977
1269	3.011851849069223
57	3.0101520229980303
1809	3.0094506930670164
2295	3.008989670893901
808	3.0084685998856724
1151	3.0082130965593787
625	3.0075489586221886
1696	3.00744344349652
1027	3.007324851585595
1883	3.0060730828615547
1818	3.0041422622973415
2389	3.003082632748818
1384	3.0007369698404713
2005	3.0004546675241017
1357	3.0002801870404157
174	2.998664206450272
2250	2.9985035840583123
2193	2.9982362458018326
1256	2.9981510953924757
2236	2.9959142402764414
2110	2.9958670062240618
1814	2.9954790303963064
729	2.9938070351013755
2294	2.9918676214606426
1832	2.991799302956812
2353	2.991612270495691
2370	2.9911082907788686
2383	2.990635085622658
271	2.9904831897776605
61	2.9902194787379974
1234	2.9899851079672373
1622	2.9894910966235284
1099	2.9888986270719937
1464	2.9882025631159914
2293	2.987760416666667
1208	2.9877444619478633
163	2.987079858346271
137	2.985946269050573
2008	2.985557006438954
1837	2.9855287569573288
370	2.983668794606163
925	2.9834956998488207
387	2.9803201203136753
2255	2.9795678707367723
1499	2.9790036414317296
411	2.9787395887558565
1667	2.978683662522876
530	2.9777901371894697
357	2.976245739384233
1746	2.976220997105101
2527	2.9733335277962265
1094	2.9725665057282735
429	2.971806872850449
1950	2.9716695053317537
2604	2.971064467766117
616	2.9708170558605467
689	2.970795916420913
2430	2.969787081204263
1021	2.969558966949612
2473	2.968996201516367
1722	2.9688061248793978
1170	2.9663864813356557
2541	2.965293287820287
1779	2.964342383454397
67	2.9635343128210607
798	2.9554863408453342
1706	2.9550251945914967
2410	2.952395507217545
425	2.9522157751509845
2332	2.9517535545023694
2338	2.950463310980114
1319	2.9483396541058124
1858	2.9480590516373604
1178	2.947101586430936
53	2.946920767706735
1709	2.946558341898875
380	2.9463533719865733
1933	2.9454167416701096
2540	2.945280864240776
1436	2.9446821737827746
2028	2.939841045744197
2151	2.939178344293249
1895	2.9383979346898697
1646	2.9383576716323923
1437	2.9379930330564217
2096	2.937942674232504
2659	2.9367980378653633
1631	2.9362473060344825
1044	2.935407093201367
2346	2.9345836971022914
1751	2.9306303801067024
1085	2.928792091301195
290	2.9284530217162836
2427	2.927702827760604
1845	2.927008623026138
1693	2.925855148110858
1949	2.9249255292144496
2356	2.9246454852692034
247	2.923549933951358
1912	2.923441690062516
640	2.923168929420518
1813	2.9222963951935914
615	2.9208218964961605
455	2.9192532185458906
2326	2.9192512335124685
2318	2.9183090811197956
2154	2.9165332781940263
519	2.9134748824033894
1207	2.911261872455902
108	2.9102628166005498
792	2.908975659229209
2658	2.908885909483578
91	2.907962368363109
2568	2.9068022579727737
2465	2.9048867311639754
60	2.9037609749159645
1314	2.90349804868341
81	2.9032706431813238
1489	2.902892191894567
1145	2.9027375065451637
1223	2.9027036924015865
1634	2.9007146929517513
897	2.9001829897398346
667	2.8981668539592604
2425	2.897714128327678
538	2.897527096706304
47	2.8954568951416357
624	2.89528719318751
2474	2.893448944564563
2167	2.8927960778305506
111	2.8920747233098703
1161	2.890725738396625
1672	2.890724811855667
2609	2.887806279057243
414	2.8861867823237124
838	2.8861466863721916
1439	2.885989270305244
1778	2.885061448288902
910	2.8847341954022987
2559	2.8836605156124047
107	2.8831097685870035
254	2.881124141412939
2057	2.8805763298204314
291	2.88050195960205
1976	2.8803694492322958
969	2.879249629935117
985	2.87756314189412
1800	2.8775313231292903
520	2.876959455608736
1447	2.876621417797889
1475	2.875659869180455
2379	2.872600994029533
1448	2.872341565155012
2400	2.8707170224411604
982	2.8697604002106374
694	2.869015864850097
1732	2.868757335061291
2530	2.8685402598774394
927	2.868524499952148
1901	2.867377541938842
1304	2.8670428240740744
1597	2.8664415116820092
2288	2.866212721950318
735	2.866165515988372
2053	2.86531765736819
1438	2.8652240598385377
269	2.8649608492575886
187	2.864754566644135
2343	2.8616293952095724
1730	2.8607331612708236
1097	2.859792468389225
2660	2.8596891524189716
1983	2.859431850789096
945	2.85822625191798
835	2.8580144792453828
448	2.8577010644301315
1979	2.8561710342587965
2334	2.85389058069936
155	2.85228362165396
811	2.8508366408832737
1345	2.85083322123622
574	2.8503310865779796
825	2.850282181862013
1056	2.8499175371083005
1805	2.8499175371083005
115	2.849009932920537
885	2.848147450505587
948	2.848051929341873
671	2.8477058364654995
683	2.847231329718374
1939	2.846029511650113
2078	2.845865088173634
2239	2.8458581102092366
288	2.8458146549311953
1327	2.844042299366073
1764	2.843856163109816
2387	2.8420083178207234
229	2.8408460142047947
1717	2.840677452405461
2176	2.839963961497293
1059	2.83993528641092
1268	2.8379544497446325
1678	2.836525699414443
1840	2.8341490545050054
2296	2.834145257709653
440	2.8339933541777342
1209	2.831903660718181
1731	2.8318562227621586
2657	2.831043405247014
2536	2.8302858647910725
1125	2.8291628812459444
1100	2.829028531180014
1332	2.8289757392039956
1449	2.8289425872093026
2418	2.8279811727607873
2491	2.8258283585683226
2118	2.8257608960011056
1389	2.8240824243645615
228	2.8220125974164616
2634	2.8217354491250073
1412	2.820824881676809
2231	2.8204955775234133
2643	2.81901730432294
268	2.818458306441649
2252	2.817345685902444
1857	2.816338344423287
249	2.815608085787255
1830	2.814853089870933
1286	2.8147585916086872
633	2.8132891500579933
2311	2.812565381303155
1641	2.811816352504128
348	2.811698912843192
331	2.811567668360177
872	2.8106536926147707
1582	2.8106536926147707
1058	2.8099088493736812
721	2.807839985731405
736	2.8077248914542388
1931	2.8048063538852044
484	2.804051968098791
1934	2.8036772634955742
2259	2.803196291575112
400	2.802815310528266
580	2.8026560906994913
2623	2.8025078369905954
1088	2.8020344590996427
2492	2.7991952471459878
309	2.797789893552911
2253	2.796082365203465
358	2.7947333748000984
886	2.794022827148438
1322	2.793670177132181
2466	2.7935245412140683
891	2.7930236438812823
2614	2.792752154670394
1618	2.791089011993785
113	2.789902000219403
188	2.788361271513175
1697	2.7844988149981336
2283	2.783501382586791
1890	2.783373600227706
151	2.78052893611763
76	2.779151354996766
2270	2.7769437642429473
2124	2.7764615281650338
1535	2.7759116202469363
2428	2.7751851321461074
649	2.774889231882062
1529	2.7735657465837718
1635	2.773120407457902
2498	2.772897293538092
845	2.7721842253299314
680	2.7714429289992633
2467	2.7700395083406497
814	2.770002198111012
1287	2.769757937828048
564	2.769716245473531
2186	2.769713700751434
926	2.769369672409823
1336	2.768638248033324
1596	2.767728150432506
1517	2.767522124789454
1848	2.765714285714286
2160	2.7652029826014917
1593	2.7646323860191293
2251	2.76391965308852
1077	2.763888530401191
1193	2.763260210677047
1452	2.7625484792404253
1511	2.762299543330501
293	2.759479066436931
2421	2.7572581296221457
346	2.755979583227047
2595	2.755840707964602
261	2.755701656792182
1554	2.755320050358714
2172	2.7547194507608523
833	2.7532934131736533
205	2.7531028632025443
693	2.751518895348837
1953	2.7506561589464757
1428	2.7486783993337456
851	2.7483841473323936
889	2.7481843438470337
438	2.74773828729661
184	2.746644354100426
1107	2.7466142270861833
2143	2.745349629332799
2482	2.7449040511727083
1182	2.744593210582581
2636	2.7441554557492607
713	2.7434296918463055
337	2.742748478701826
1302	2.740497485632184
235	2.740329878849803
1909	2.740142114393563
753	2.739422624324316
1294	2.7390708862122817
716	2.738263027295285
1959	2.735356831769796
630	2.7337976030068796
518	2.7333603286758783
977	2.7330544944647532
1961	2.7326077933436905
800	2.7325696600751757
2054	2.732552701651935
844	2.7325181687605093
1488	2.732323863266037
378	2.7323187442134604
1968	2.7319900016014147
2099	2.731728972879731
2114	2.7289851242165675
1958	2.727738419960639
2349	2.726845699016468
2082	2.7251612903225815
1166	2.7240650181653607
2360	2.724036263407709
783	2.722959708973439
322	2.7219095760838066
2597	2.721860465116279
1422	2.7215208535559783
500	2.721301329922278
45	2.7210120654188192
846	2.7202736302546233
447	2.7193061840120665
1971	2.717782171036854
201	2.716728550407133
1335	2.7158749554782324
2558	2.715463001546265
950	2.714467305528118
1913	2.7140588093002074
2319	2.7130269713859243
1715	2.7128275862068962
622	2.7121759595153248
2067	2.710493024881089
1802	2.7100553797468354
401	2.7081891760827452
1423	2.7080572168882107
2064	2.7075251985562288
80	2.7067784768110066
2571	2.706227176628868
774	2.7059767940212143
2297	2.705465390568969
1854	2.7053759864926095
1002	2.705129504422985
2033	2.703743037277346
1382	2.7035580501186165
958	2.7026192563233846
512	2.702508027423414
1020	2.7024930775178073
621	2.701693105377237
191	2.7015236227982067
1633	2.700644228783812
679	2.700594987438411
710	2.700467364341911
1361	2.6995106651628644
1181	2.6989310414459338
1940	2.698481093469298
2195	2.697901349202086
548	2.695658050041324
989	2.6953454604780167
824	2.694913888260765
477	2.694289390293858
403	2.6941891695236406
725	2.6935329409590305
751	2.6908464489179655
2331	2.690387143780394
256	2.688694475559105
1874	2.688520842218187
1446	2.6857345027279664
1774	2.6852303523035235
867	2.6850950421320796
2104	2.6848429290814333
2395	2.6845990175090892
1903	2.684299337235599
2582	2.6831493271726856
2388	2.6777283856704783
1938	2.6772956646001767
714	2.6761882212634607
1190	2.673307969954151
869	2.6692682926829265
1192	2.66899465613728
1329	2.668516966904064
1543	2.665934626545977
2587	2.6653313769023343
788	2.6635851724112234
2476	2.6635752688172043
2590	2.6633190572676835
746	2.662923128312694
1089	2.6614691860465114
878	2.660795569662997
904	2.6594841240320104
2274	2.65928754158056
2169	2.658106278860378
2459	2.656127190362192
911	2.6555520910529298
1936	2.6546449543134845
921	2.6533681215005553
1661	2.653065300223361
568	2.649848766136546
2471	2.6488739870214992
2409	2.648066556548939
691	2.648044217687075
1681	2.647880597014926
2602	2.646776655341782
476	2.6465974625144177
1265	2.6442631668743615
2180	2.6436224132620203
1875	2.6431849320301617
2278	2.6419366187351665
949	2.6412615805335418
980	2.6403464147286826
1465	2.6389630758531912
924	2.6387622456575146
1023	2.6375308979958243
2442	2.637471264367816
1009	2.6371268120673887
463	2.637120769847634
74	2.6369158878504675
2475	2.6363103966025703
2047	2.636260663362206
1643	2.635777064046854
782	2.6354830531832945
2150	2.6353618190521275
368	2.6342549542225586
236	2.633433894395979
1565	2.631144733085926
681	2.630756127925894
637	2.629748195915861
1741	2.6290323949519214
1221	2.6284806030324535
1218	2.6281338631229416
2131	2.6268603015732843
1589	2.6268557794273595
311	2.626411622508739
241	2.62580103753433
741	2.6252306057892345
874	2.624346285522756
981	2.623646615716532
1777	2.6235207966396525
2122	2.622873723111215
780	2.622412974213849
1817	2.6220735785953178
2382	2.6212432398040337
2272	2.6202510126555714
2551	2.6181794160391068
439	2.617495265584689
340	2.617010896080664
907	2.615767565233483
86	2.6157078642952447
2580	2.6153098887625297
2516	2.6151091530701187
733	2.6146722787620904
669	2.6141105179627764
319	2.612239458615304
909	2.6121195561643
2596	2.611311850673835
1627	2.610713243879872
1749	2.6072947651176066
2201	2.6071500787152906
2141	2.60541654400942
2189	2.604809081527348
2024	2.6038011098904343
1980	2.6035120836931105
202	2.603449719727156
2034	2.6030672781099433
2165	2.6019284110421337
279	2.6016794812741386
932	2.600506111525006
1025	2.5997360210766454
1352	2.5991212538527115
954	2.597036414064202
2560	2.5967695473251027
1263	2.596644985880103
642	2.596375838205045
1655	2.5962713592901516
1523	2.5961255609891
2661	2.5951747392154103
1509	2.5941176470588236
2398	2.5932601612083306
2230	2.5932138324063683
2146	2.5907582720984235
1441	2.5905562237420323
1310	2.5903981183881264
2062	2.5897364086650914
1429	2.5882316763179363
2317	2.587830534910968
1362	2.587725306325952
762	2.5857692462485335
819	2.5853702077846066
2093	2.5844877110043445
506	2.583021855616672
976	2.5827202439117967
469	2.582552549857294
1831	2.582273637843524
1600	2.580910728067919
1760	2.580338541666667
504	2.5803281290563835
313	2.580308914001484
1155	2.5796708660256127
1355	2.5791870405606137
359	2.5790537686823174
1195	2.5789648033126293
1391	2.5786873713305765
2179	2.578389378294753
1052	2.575345345452343
1435	2.5732223164348027
156	2.5731252201545396
1759	2.5727858559154
2479	2.5725535587239947
1739	2.5721468986868796
1877	2.571471825063078
1998	2.571228899397762
641	2.5704281707937477
1505	2.5699228107532606
1753	2.5694914258335455
2504	2.5687055118660567
609	2.5682336182336183
611	2.567500726114305
1261	2.565952551659194
457	2.5654746942835414
2386	2.5634015452589143
603	2.5630884189383387
1651	2.5623943518894756
947	2.5610892342915865
435	2.5599665137753203
970	2.5599665137753203
424	2.559852036425755
1225	2.5593797614320435
2569	2.559284754802116
446	2.5592385620631015
374	2.5573160688206773
87	2.556732348111659
1468	2.5565821599142615
2637	2.5563183023872678
1926	2.555335481048403
1062	2.55347358380584
444	2.5513459737827717
1962	2.55128172037033
1755	2.551204417149832
123	2.548725143854551
308	2.5484825102880664
310	2.547411269974769
577	2.5470085470085473
847	2.5467718432165585
1571	2.5467390322167462
2417	2.546255981416957
1030	2.5452529128678436
1888	2.5446892461466537
1599	2.5446029923658746
1628	2.543001007636749
105	2.542727860374919
1952	2.541915259379108
738	2.5413835403588836
901	2.5407349828544934
177	2.54045132302253
1041	2.539879822896901
433	2.538904225688815
1457	2.538167243330124
2616	2.536403831982314
197	2.5363710407239823
1463	2.5353204446606425
2538	2.5347450338133815
1629	2.5346008905608044
1307	2.5341790737226706
2505	2.5339496434656406
2429	2.5337504843084084
2242	2.5334082821462345
237	2.5329744618680214
449	2.5329373423044577
166	2.531170732659388
75	2.5282948939473617
2457	2.5281831938589825
971	2.5276785714285714
383	2.5253959421892453
2481	2.5250267245173865
1484	2.524691172793198
1750	2.524193133439007
939	2.5222247812068175
698	2.520935840226577
1988	2.5198157576962603
119	2.5191606823230037
1415	2.518981481067747
1001	2.518565290970943
2565	2.518496668212013
1106	2.518328470942983
1043	2.5179393249342015
2625	2.5171208844190054
2639	2.5167067886374577
1196	2.5155311142900687
1790	2.515329007405326
638	2.513595505029063
1324	2.5130027877339707
1421	2.512961266188543
1175	2.5103463365841456
1185	2.5102954883240542
450	2.509679449612075
437	2.509090101876887
1507	2.506532677624412
161	2.5064349800759596
2068	2.5050872601716483
304	2.503753220088713
1474	2.5030743900354504
593	2.50214777013303
494	2.50205272701911
427	2.5013808139534883
1566	2.4985913305480913
2194	2.496042378279771
1521	2.4958674978151976
417	2.495641701063905
165	2.4950874386238744
131	2.4939388441881714
2100	2.493896017751319
1206	2.4929657916728623
1122	2.4922952790876893
979	2.4916632774969423
2561	2.491144858857749
2438	2.49068158948824
1450	2.490359905270165
2511	2.48988233988728
2273	2.488732100551111
1149	2.4886677242130557
2069	2.487786944045911
1416	2.4871620448993386
1975	2.4871073826102337
1442	2.486102592695846
1955	2.485428253615128
2603	2.48521956845866
1006	2.48325969060652
1138	2.4832272487789595
2198	2.4832272487789595
993	2.4828939629408247
600	2.4826450762163925
1803	2.480034795761179
612	2.4798811328851107
722	2.4797924865481105
1211	2.4784295698230117
1057	2.4783297933194395
2436	2.477062651004046
1690	2.4766053094488822
1815	2.476102885976972
1014	2.475590543051828
831	2.473762639623535
2153	2.4735259542993004
321	2.4726379011797626
2237	2.4720165818951583
2419	2.4708159910345966
1333	2.470244557613745
1973	2.469081779053085
2308	2.4688953488372096
1506	2.468157020162066
1695	2.4676207513416815
877	2.46756906035546
2611	2.4670336198686553
734	2.466794228510894
2646	2.465983915642826
895	2.4641930776503473
898	2.463619208745445
2549	2.4635531407860496
578	2.463094691062614
2448	2.462851655180206
1701	2.462153641101932
147	2.4617391304347827
793	2.461444311377246
1096	2.461246761960986
690	2.4609165356358114
1390	2.460862732196286
303	2.4596254982748804
1925	2.4590378620067277
2055	2.458081558879246
1376	2.4579983676800654
988	2.4574652777777777
2291	2.456566280403502
2183	2.454560862437832
2626	2.454001486509479
759	2.453458346434935
610	2.453293010752688
1786	2.4531725361581724
475	2.4528034887078607
1833	2.4521040812208215
423	2.4517604963208774
510	2.4517119268420093
1703	2.4507543629863
2101	2.450541347256041
1552	2.4490640228846168
1602	2.448905148564412
1279	2.4471779685964186
1331	2.4453234450953514
1082	2.444970850650363
2368	2.44403530127815
2522	2.4440183974824494
1752	2.4434135289675267
1320	2.4430169832748296
1584	2.442667903844253
1871	2.44218586858689
654	2.442115399234726
1889	2.4405913674485697
1528	2.440022107023178
481	2.439747981116602
2327	2.4377007741767938
827	2.4363832159954937
2084	2.4362006324429797
770	2.435585659538339
1684	2.434962347660709
586	2.4344714506172838
2140	2.434210967633742
1791	2.4338840470600247
1068	2.433321583418408
796	2.4327940855521604
2446	2.430387651921409
1876	2.4288090485695286
1522	2.4279901157017156
930	2.427390222420805
2148	2.4266254460484684
1662	2.425973776139698
1917	2.425952380504306
381	2.425935481078793
1924	2.425767885288125
1344	2.4255667418355835
443	2.424936254027144
1649	2.423764866314942
327	2.4227099712621616
1028	2.421998871778869
2391	2.420473933649289
1974	2.4193949579563436
1295	2.4183837034563362
860	2.417652585871364
861	2.4175130223932455
1110	2.416638120321859
2515	2.4163586361732903
2394	2.4150609480152685
1323	2.413915026904905
803	2.4130744507550745
1042	2.4117451348484056
1594	2.411346762747025
1771	2.411182919084374
1398	2.410979054878558
2038	2.410815939278937
1588	2.4107215889571245
589	2.4102511025736395
153	2.407579033430233
1243	2.407374008617998
2081	2.4070887695588956
1897	2.4068813530055935
1282	2.40641886643973
352	2.4063916691198117
1987	2.4058724760262393
546	2.405837966480806
1757	2.404447332519078
412	2.4041431665630157
1133	2.4039024390243906
2042	2.4037542103293417
1168	2.4031571416190802
998	2.401291597387889
1409	2.4006899391641476
1242	2.4003858439926753
2564	2.3975813066923646
1725	2.3959103228626746
1907	2.3954472940910634
601	2.394876708984375
1561	2.3942550607287454
474	2.393982851750767
702	2.3935880784048096
2662	2.3935633610326175
302	2.393267825844366
226	2.3920976511396232
1238	2.3920276665453226
1387	2.3916869033487704
1132	2.3908115771336336
1405	2.389578107515005
1493	2.3893261495010076
790	2.3892734521622234
592	2.389253563390848
2641	2.388292910447761
2323	2.3862619848043556
1846	2.3861482557287204
2650	2.385372123813531
995	2.3853294483176897
1569	2.3843440611920914
1615	2.3841086401749916
1714	2.381953782646234
1682	2.380314085192134
1016	2.380165044323555
581	2.379407096845375
1700	2.378650623298535
2342	2.3781317851344106
2106	2.3769870536687883
2014	2.3759762434918814
1140	2.3758565681786656
106	2.375605569911215
1724	2.375
190	2.374570858625646
1896	2.3734238062855963
961	2.373245588595325
1451	2.3731470343035213
48	2.3727371208473764
2066	2.372476642837482
1060	2.3723023147046507
1127	2.3714396213784843
2512	2.371028120561557
1083	2.370191502063984
1186	2.369542295127367
2556	2.369320899091344
1092	2.367423074398006
1878	2.3670030541356906
203	2.366753896685221
329	2.3652418911489828
192	2.364033047339462
1194	2.3637670471173546
914	2.3636840380203212
275	2.3629139177963046
1519	2.3628258627210172
1013	2.3627339139119314
764	2.362724037769559
1636	2.3626789050203727
644	2.3619895112925517
1559	2.361509433962264
485	2.36131471771373
2439	2.3598009950248753
2441	2.359677419354839
1180	2.3589882992726325
1246	2.358685449630599
224	2.35763573437162
794	2.3573052088635364
1637	2.3572932864500884
526	2.3564868728426487
2023	2.356273271137514
2477	2.3539356984478936
557	2.3536601437762035
78	2.3520446459562656
994	2.35073232614462
1885	2.349721646667109
266	2.349714923801348
727	2.3486910669975183
193	2.3485943527286346
703	2.3462351836620856
356	2.345531542056075
719	2.3449089557785214
1500	2.3447909610642967
651	2.3437864006151132
98	2.343421146426508
243	2.3432426347737256
1670	2.3430117700904165
2149	2.3425051646299053
2174	2.3415028000574374
301	2.3407815969232075
1886	2.339492528204264
1558	2.339317908653846
2142	2.3382472826086955
2384	2.3371459489521964
875	2.3354533618040727
244	2.334915120094408
430	2.3342006798038293
1049	2.333440095423174
561	2.3332417582417584
2249	2.3319105691056916
2599	2.3317256170233316
665	2.3316287845216515
2046	2.3299160755447446
1607	2.329005767012687
1829	2.3277379358929204
1116	2.3276157154220947
620	2.327506508687105
1318	2.3249769466663803
1834	2.323813657407408
1538	2.323746419374439
701	2.3236699810027375
572	2.3223796610169494
1879	2.3221172748841945
570	2.3215149749826836
597	2.319222411266277
1411	2.3191524746470638
870	2.3181322620883384
58	2.3177182694006753
1236	2.31755820203106
1642	2.317201327433628
2359	2.315074142441476
1989	2.314508251425798
1012	2.314241493308973
859	2.313131336273555
2119	2.3121845200447604
1880	2.311543948946343
2462	2.31070491303021
1199	2.310526126514907
1072	2.310303112887597
361	2.308968846228535
1399	2.3087975013014055
2203	2.3079802816283017
2484	2.307839535746346
2138	2.3066876630236264
1708	2.304431506026509
1626	2.3036803400068604
560	2.3035247808194663
587	2.3033401206214466
1590	2.303248444948591
1476	2.3032279650755214
658	2.302532987123099
1159	2.3017446633966947
2573	2.3014939286839073
2544	2.301396697195042
2456	2.3011112926948845
2433	2.3007156716417914
1472	2.299648161179216
250	2.299565888697442
1686	2.2988904639735614
699	2.29871159843526
1498	2.298358716875872
136	2.297429710341797
2547	2.296133138693528
1317	2.296054691109494
550	2.2957150616013497
262	2.2940488324233783
1526	2.2914889474218616
1872	2.2888577908603964
1019	2.288248862487361
1244	2.2867375616659658
2282	2.2864462896241387
1609	2.2863992696760165
1740	2.2857689498034577
217	2.2852984252591355
2060	2.284860804680334
585	2.283547064131433
89	2.28318407960199
2574	2.28197668453081
154	2.2818193551073094
92	2.2801036419648386
623	2.279772595895784
1353	2.278892371876741
1648	2.278609756097562
1982	2.2775597123340825
220	2.27543772787893
1157	2.2745284914961394
1556	2.2729766630647905
678	2.272244305152117
1530	2.2717013769300323
1459	2.2685671417854465
1613	2.2684294871794872
1311	2.2681919552402308
2501	2.2679304815212324
1945	2.26762990177015
1542	2.2674938477911657
283	2.2670126155286496
2434	2.262873279425424
1152	2.2622339948057957
773	2.2618825998507104
752	2.2596763772343813
2159	2.2594418423665554
1768	2.2593982462414774
1581	2.2592905167806006
1205	2.259119927040584
2090	2.2580217454838722
1985	2.258019771025885
562	2.2579309050065226
1109	2.255400936451661
2103	2.255037931034483
169	2.2549806616843444
1156	2.2540302699329064
2269	2.253632186327125
2247	2.2526607389684012
1770	2.250663527174733
1632	2.2493968105065663
2280	2.2493964729488836
1683	2.249088573048239
2163	2.2489264702741645
1191	2.2485081236458884
906	2.2480998298355077
112	2.2464805556723944
71	2.2459640317277145
2155	2.2451558730001433
1707	2.242819283237145
1850	2.2425780898370693
2087	2.242033744852176
396	2.241967518101368
1990	2.239805402605789
1981	2.2372790158281117
2455	2.2367892976588637
2545	2.2365822462862286
646	2.2352212899865256
1811	2.2349455422626154
2065	2.2317964644051598
2303	2.2309482575274204
599	2.2299319727891156
1710	2.229457152251408
204	2.2288866275436203
918	2.22858040017526
1863	2.2280148119890697
549	2.2275802117209946
338	2.226941813883244
287	2.2265676321272796
391	2.2257063169317384
2357	2.2251428716558257
281	2.2247117130427005
705	2.2229776151592864
2220	2.2223314371873486
1653	2.219569339265969
1520	2.218019943019943
836	2.217709600047348
1366	2.2170673279796413
765	2.2161188846218063
422	2.215457342049387
2648	2.215310055683625
718	2.214778611536967
864	2.2147085749160818
486	2.2142226012793174
2105	2.213939522669344
2177	2.2133921846183595
1614	2.2113894900410864
728	2.2093718652596936
1130	2.2092552041623374
2266	2.2091634291458377
2537	2.208112511791442
2086	2.2075656108597284
1431	2.207559098405717
276	2.2071444813808188
1733	2.2070513666050764
402	2.2061288671103627
77	2.205211024978467
1141	2.2051849987415046
1189	2.2026347546259046
1587	2.2022660606966222
1738	2.2016637187358366
2059	2.20142268519106
295	2.2000563103182773
1591	2.2000370058873
737	2.199443139663228
787	2.1975750726064485
343	2.1974611341835426
2613	2.1973582452472424
2640	2.1971051036003306
1772	2.196269605358395
1200	2.196228544501342
975	2.1960286204135833
996	2.1960099313979042
326	2.195050819429019
1616	2.19473092707566
2145	2.1942714021708842
2051	2.193993450285648
1298	2.1932954141606085
127	2.189702371900492
799	2.189430334748232
850	2.1889908901370814
323	2.188665900672057
353	2.188563057469785
206	2.188039628482972
1354	2.1876287901089198
760	2.187193082633168
1941	2.1837487537387834
634	2.1825156940246457
923	2.1821271615628364
1338	2.1816188209053236
2083	2.180263253087998
2128	2.179422090235318
1916	2.1785520968156202
2107	2.177405510995354
2340	2.1770097950014744
238	2.1765616263279814
2513	2.1762161237074458
1793	2.175759368906602
1562	2.17520507966897
1630	2.174673377902156
1227	2.1746240550573064
708	2.174278996865204
1555	2.17326431485508
1716	2.172350950273367
1564	2.1707157975307148
1364	2.1706742346061234
1578	2.1690367707141687
2013	2.1665237058941798
966	2.166342667095805
2219	2.1658663205710575
2325	2.1651947908619356
604	2.164893063605684
984	2.1648330206378987
159	2.1645137270914896
1669	2.163014509158263
2200	2.162789967010525
514	2.1611660898406515
1198	2.1608583055863857
810	2.1607500368039974
175	2.159160852086318
576	2.159060955281526
1367	2.1590339892665478
843	2.158989313822251
1795	2.1565122764061755
1947	2.1559391281757665
1003	2.1550294502758227
1153	2.153973017595536
1000	2.1529430736977906
246	2.1518559101299797
2003	2.1513461662729667
97	2.151257115615421
372	2.150276852153434
1360	2.1500330036039648
470	2.149388346807917
1518	2.1492110909254283
1455	2.1480419429985598
1172	2.1477296175445346
1420	2.147505462871277
2268	2.1452147305457814
1893	2.1434540818716163
1228	2.143140398036943
2408	2.142694071064104
2276	2.1424836601307193
2215	2.142393266078835
2377	2.1422889248725783
320	2.1421989446941567
1375	2.141928238054218
2307	2.1412168643959686
2263	2.140745701357466
635	2.140170588351705
1797	2.136747687502502
892	2.135452586206897
2335	2.1354525862068963
347	2.1353993381470255
1176	2.133875830666995
2553	2.1329690575237077
2526	2.132257864758288
565	2.1317347525463126
1188	2.1315813092754805
2135	2.1313551438707137
723	2.1310849000278616
809	2.1305455869350385
1417	2.129554880042013
740	2.1288797023563455
1819	2.126954618603154
214	2.1267778901247056
2542	2.125561893618059
362	2.1242838501560932
717	2.1225027029191526
1197	2.1216638382128408
2052	2.1208392995469585
937	2.1200326941483922
2593	2.118723370079148
879	2.1162662848229923
472	2.1159214180053465
2049	2.1139868449808694
1859	2.113168994666138
278	2.1131291983997027
931	2.1130429582854955
2061	2.1103818621253114
2021	2.1099770114942524
1004	2.109812503696693
253	2.1097453382827105
130	2.1096908153763816
334	2.108733557495925
2666	2.1052847888124293
505	2.1044379147288326
296	2.103783114737726
245	2.1031779448621557
672	2.1018808777429467
596	2.1018791760479734
140	2.1005896460692264
2499	2.1000956981407213
1954	2.0995648409058814
1674	2.0990422815935816
2202	2.0989305987445026
2204	2.098618587774797
1798	2.0984357959694413
882	2.098420279467181
1210	2.098321456634243
498	2.0979910430829407
501	2.0977024604855794
687	2.0970370370370373
884	2.096404239088799
1527	2.0961107254790603
868	2.095371810177856
1254	2.095332793124933
1763	2.0953125000000004
1011	2.0949252258716853
445	2.094739216374534
73	2.0945750357754793
1147	2.0936495482460815
1264	2.0935782663446534
95	2.0909570307370284
2426	2.0894991612748623
855	2.0883049472830497
805	2.0881818124091156
516	2.0880991472909276
103	2.087577714780091
748	2.0867535625042204
2102	2.086097436767951
167	2.0859735035263567
1884	2.085944246210132
182	2.082791565087461
394	2.0823859417539805
1135	2.0816568052931674
1780	2.080711111111111
2224	2.0801492221602595
2420	2.0789564498812947
912	2.0780719616056818
1346	2.0775239312885994
2649	2.0766822742474917
392	2.076439578264395
62	2.0762579286542078
2109	2.0755601406889532
1944	2.075129141676692
2375	2.074626702101427
1093	2.073421899706378
379	2.0733865344364837
1585	2.073155786704926
1491	2.072077657231422
1617	2.0719977575781843
1928	2.071804668491484
280	2.0712416151767665
1842	2.070701666893352
377	2.070325006393479
776	2.069037313922224
2617	2.067395340371314
1785	2.0669533321184685
138	2.0660372504630584
1347	2.065966386554622
2133	2.064695667832887
363	2.0635837315672165
1595	2.062657083340567
1104	2.0614688663529455
2621	2.060492273068267
135	2.059104239555464
467	2.057734233569269
317	2.0576181871992287
849	2.0575163604329223
488	2.0574127906976747
407	2.057154074800581
1349	2.0550083805571076
176	2.0543815283122595
745	2.0543364428723807
94	2.054238628167249
1923	2.053593266544394
1065	2.0535932665443934
1080	2.05335221441541
1368	2.0530951749734885
1111	2.0528204533739136
248	2.0522144064730856
1679	2.051710973190532
2184	2.0516982491359004
1826	2.0514814385295996
408	2.0509387143592863
804	2.0501033057851243
2173	2.0500364910232083
1179	2.0497658411175816
664	2.049044914816727
1158	2.048612574175391
1214	2.047884510721131
2134	2.04741752313154
2002	2.04728476418962
282	2.045472774707824
2352	2.045054641909814
170	2.0422858804711357
862	2.0422160605472803
2632	2.041906099260959
1036	2.0416135524009085
1736	2.0416029691975797
2664	2.0401505955757235
1377	2.039383272317657
316	2.0387434845712122
164	2.0386048587447387
171	2.038407439680015
2217	2.0382821840040073
1142	2.037221875045416
2020	2.0370473941419207
2246	2.036896725999395
818	2.036243560462759
2362	2.0349261911241663
341	2.034459094872812
2339	2.0343250710767626
509	2.0336919701623515
1120	2.0328948383346646
1075	2.031832078137435
1915	2.02969735507126
2120	2.029654716281949
211	2.0296226881359996
1024	2.0293008849557523
1553	2.029103646281941
2298	2.0288442621710376
222	2.0279976833382243
731	2.027408854166667
1775	2.0261833361047237
839	2.0233345300462604
263	2.022822159454676
566	2.022659329018126
2531	2.021811928526618
544	2.021803897093242
2601	2.021799906721362
2654	2.0209843328260653
1163	2.019467004757541
286	2.0183156378452236
1799	2.0180069257406696
2226	2.0164552095347945
1747	2.016455209534794
487	2.0162938227213747
1882	2.0156947141607855
125	2.0155627935298273
2399	2.015094077997111
1113	2.0147973345696113
129	2.013890327155469
1128	2.0119760479041924
325	2.011739177637191
781	2.010983914523894
2642	2.010231582344872
1754	2.0099991594926965
2260	2.009678638976606
1972	2.009054822443944
231	2.008695652173913
2566	2.0083539966590913
2279	2.008309282938347
1303	2.0071947952544966
2607	2.0071910898647665
344	2.006349045103616
209	2.006043467743632
2275	2.0059293885547804
685	2.005238028612403
2039	2.005220446443998
992	2.0045917215343074
1478	2.0039717584427894
1545	2.0030966042395555
1839	1.9999958355023422
1444	1.9995237974484183
674	1.9994638315613924
1249	1.998624296345957
2631	1.998200290275762
1050	1.9973306252720153
1395	1.995580188892842
1610	1.995450467768807
1852	1.9951550190939478
2432	1.9948033646012244
272	1.994713321656707
2018	1.9928694509405387
419	1.9924641166248522
503	1.9924053453394814
2025	1.9923345659919174
2191	1.9923345659919174
1115	1.989736232203951
2653	1.9897347383720931
1862	1.9869382918603595
618	1.9864675220529269
887	1.9856542809077862
2374	1.9855557171247153
1647	1.9851401576595809
1300	1.9835301321263277
508	1.983016235806104
2009	1.9824823155958473
1767	1.980477673935618
1276	1.9792927793154331
1659	1.9781726868842961
90	1.9777340676632575
584	1.9775651178699563
2605	1.9767331435613567
101	1.976617269877458
704	1.9733844426607603
300	1.9722676937891188
386	1.9720855887954298
186	1.971857933587223
963	1.9702973953166212
527	1.9682956457044665
1744	1.9677557670868708
2031	1.967326341191001
1350	1.9668642241379313
556	1.9664482184759537
653	1.9664203753555947
1720	1.9662562699498405
2001	1.965356064931887
525	1.9650370404051711
1341	1.963591800889028
2358	1.9621094508421606
1908	1.9607930817461199
2168	1.9602423471640793
806	1.9598616143207976
2309	1.9595338215023026
1495	1.9578623897353649
251	1.9575716814159292
1401	1.9575170378922724
2000	1.9573991577864138
168	1.9573657874227357
1063	1.9573387806433966
1440	1.956548074647672
426	1.9563269896662445
218	1.95548656978943
791	1.95489288485711
2458	1.9547938180442486
1694	1.9537287718434653
1532	1.9535978857165734
2227	1.9535212314432684
277	1.9517800982663487
2299	1.9516606892250115
1841	1.9513044828291901
2507	1.9511419257773217
1136	1.9509932986425198
1792	1.9509129113942718
986	1.9509022469410453
318	1.9498542274052482
2080	1.9479958765387184
726	1.9478260869565223
832	1.9471264367816095
547	1.9471155195807797
2629	1.9463671174446224
2058	1.9463315071436245
1823	1.945663531870429
1373	1.9453322368421053
1224	1.9448520826484694
784	1.944568344590601
1201	1.9439556891575231
1460	1.9432483586680074
50	1.9425015415204032
1245	1.939633464528394
1687	1.937994606526468
1293	1.9348354174401179
1425	1.9341040882543805
1993	1.9335942280524085
1727	1.9332196794039138
2089	1.933209292981391
1808	1.9312752304922862
1902	1.9309597523219815
2656	1.9295535287496002
1816	1.9291738572503212
754	1.9288070658645435
1921	1.9283541936336015
118	1.9270397131859562
273	1.9268946428407037
208	1.9266744165250824
686	1.925627641221253
365	1.9256255445857287
1105	1.925159642246402
2518	1.924874169299488
367	1.9247573100327664
270	1.9244733143724277
2663	1.9233192470226663
210	1.9211300846669084
274	1.921092242581946
2300	1.9210365243028018
1069	1.9203595883554239
1546	1.9186728429989408
393	1.9183773248265026
1783	1.9178241578088873
465	1.917816994291679
292	1.917796162437711
662	1.9146968017260901
2405	1.9139987909154108
2341	1.9139791469194307
1665	1.9137989439295253
1183	1.9135123127408065
1623	1.9133655172413793
2576	1.9126960736156138
1337	1.912293292375962
416	1.9113772455089824
779	1.9113399362973955
778	1.9111480988999754
858	1.9107485329898384
1309	1.9104437831664163
2116	1.9095084723215354
339	1.9093633545019093
1432	1.909215412556717
1919	1.9087517000382273
1969	1.9081374134696254
1061	1.9077304363662275
797	1.9069943289559035
1173	1.9068496836862294
2585	1.906397931534617
70	1.9047751207719417
49	1.9047077547199247
1898	1.9044548003147743
284	1.9041405558706754
775	1.9020230650410164
479	1.9018243817049192
1165	1.901481259370315
2074	1.9014229770428315
2108	1.9012439941099666
2354	1.9005199763471818
768	1.9004362801377725
880	1.8998805490654205
1586	1.8996264053045289
2397	1.8992303505740686
144	1.8989003950037364
63	1.8987610619469024
956	1.897774669143035
451	1.8972674900530504
1812	1.896834216227692
1453	1.8961367007889705
2594	1.8959541359758358
1035	1.895812696480451
1718	1.8955546304004955
1026	1.895097071904552
2112	1.894783096941142
534	1.8938488387478927
1272	1.8881810286143514
785	1.8880676378821224
1737	1.8877828054298644
1573	1.8876445496729557
829	1.8867732117163987
1101	1.8866437027328464
1273	1.8866365236504758
957	1.8855888429752066
1237	1.8854366738221673
1873	1.8844548338620803
652	1.8843316534611303
409	1.8838379896987671
2029	1.8837959866220741
2464	1.8821222872726528
233	1.8816724043967685
1843	1.8813483883058468
517	1.8800928565428017
369	1.8795339025321969
2127	1.8788799009224484
2222	1.8769741038397754
1550	1.8760007573298714
1769	1.8757252453166817
2315	1.8755461492858632
2290	1.873808158532555
128	1.8731428571428572
2210	1.8727965025757227
2147	1.8725261532920752
2187	1.8710433125899537
537	1.8705235989600135
1560	1.868685428718385
840	1.8683586441433122
1810	1.8675720884690183
1900	1.8673096568004284
1202	1.864936601919944
1685	1.8629153498595221
2011	1.860244678619639
462	1.8601855575429305
967	1.8599619236905283
1434	1.859572225150498
1403	1.858672793643885
555	1.8582278083267874
1386	1.8574668289713934
324	1.8572536900220515
559	1.8565385596915478
1503	1.8555337312972109
2302	1.8551986425604121
2229	1.8542110204254239
632	1.8541354790419167
2581	1.8514383855732073
2520	1.8514194265238069
441	1.8508449365576924
149	1.8507850404204989
1619	1.8501508044084563
1076	1.8500944827748813
1313	1.8496255897640943
2313	1.8494732294544676
1330	1.8491211915163648
536	1.846397881385674
928	1.8461849000452866
1568	1.8444713328369322
1393	1.8436568086467617
724	1.8415229023811557
946	1.8414443908391744
2534	1.8409031484911207
93	1.839919230547311
2006	1.8398794021186293
639	1.8392000000000002
2460	1.8387839451315062
2533	1.8383116883116886
594	1.8382943653677803
2345	1.838022165387894
1910	1.8373898798977821
2514	1.8373898798977821
1762	1.8350710900473932
454	1.8346782074549772
495	1.83448275862069
2257	1.8330402182135495
1048	1.8330350169226763
2261	1.832969135121216
1278	1.832057210178369
1212	1.8306274681878012
917	1.829824561403509
1184	1.8275632706035039
1443	1.8260929863954563
841	1.8256288026092955
1039	1.8245054602466324
1291	1.8242798511756357
2043	1.823151720093786
575	1.8227014483614024
2208	1.8219785808523785
1047	1.8196066514834286
1825	1.8194640628133825
1904	1.8193584396819062
1445	1.8192493062655182
983	1.8188866384837052
1820	1.8180143188267657
382	1.816911833856892
1801	1.8156505080792933
2644	1.8154503922953105
1219	1.815260758050727
1404	1.815238160125969
944	1.8146759845567768
68	1.8139891915225068
157	1.8128290849300486
2063	1.8096001124464123
436	1.8093125405249424
2667	1.809148027335125
1719	1.8089972899729
1424	1.806649467403175
1477	1.8066375096475433
389	1.8061728395061731
2600	1.8044982698961938
2115	1.804409270774449
2044	1.8033008691578476
1400	1.8018415874134086
1743	1.8017146614069688
2572	1.8010209869540552
1625	1.8009456547851457
1270	1.800396658292274
200	1.7999485705012712
2414	1.7995828044679725
1255	1.7992997195556235
1788	1.7991181319418226
766	1.79681686354955
117	1.7956290844502005
2156	1.7941461614439835
960	1.792849472864364
227	1.792754536981194
1241	1.7923917477455584
750	1.7919867334255164
2524	1.7915526220838907
2056	1.79089339191641
1766	1.790761264534884
1167	1.7888199963232538
795	1.7882403489399108
421	1.7875872814357436
1402	1.7873157048834867
1038	1.787050489464245
1123	1.7864733572255116
2543	1.7864663009746933
902	1.7864498982238013
2635	1.7862047038090134
659	1.78544663585827
2488	1.7851317711287582
397	1.7842130987292282
145	1.783110310541965
543	1.7826520438683948
1118	1.7823362205193132
1721	1.782303451170422
1583	1.782078537007395
1948	1.7814923720898048
881	1.7808027792698418
1580	1.7804028030097867
2287	1.7797366185216654
1821	1.7797132470018848
2447	1.7791833049950985
1942	1.7762549671559487
258	1.7760585024640985
315	1.7759596280848438
1281	1.7743999374186237
1534	1.7729567307692307
1835	1.7728258412222004
688	1.7725350456814124
1226	1.7711261054700298
2212	1.770619606576129
1413	1.7688915039005453
240	1.768670726665206
2320	1.7676174258549737
2076	1.7674053362266167
2314	1.7662842260338838
2608	1.7641924035339425
100	1.7634348582291792
789	1.7633153692614771
2216	1.763274921257641
1119	1.7618910697801118
1984	1.7601427070041924
643	1.7591276686587767
823	1.7589891517297345
1996	1.758765778401122
606	1.7550480769230772
2085	1.7549652526966302
747	1.7547866703051918
899	1.7546521028442714
143	1.7545713941245031
2192	1.7533047341476458
772	1.7528578509416581
1144	1.7521662245800176
1454	1.752095808383234
2563	1.751888234203355
1574	1.7516587677725117
2529	1.7513059701492535
1868	1.7508724764447139
207	1.7497660753992155
2094	1.7496523562520692
535	1.7490717568766982
1284	1.7473768123621936
883	1.746406417644258
1656	1.746216275426751
264	1.7458709655140279
1408	1.7453882691911917
2111	1.7447771124417832
2532	1.7447112436552739
2628	1.7444037507065486
813	1.7441064001371598
2129	1.7440210712253934
1487	1.7429664179104478
2500	1.7409818542991413
619	1.7405209716068752
1735	1.7402750325917826
1267	1.7395018293716884
1410	1.7394832981804371
1994	1.7379009955752212
1162	1.7369321153130404
1551	1.7359175650602952
767	1.7358076872275787
44	1.7349674353106848
2535	1.7331025337726944
1385	1.7322552447552453
1321	1.7317362428842504
697	1.7305864306021879
696	1.7301915417235396
2137	1.7285698168693526
744	1.7285617367706918
1849	1.7284564393939397
2645	1.7262536873156342
259	1.7242010669977799
2075	1.7237182093624168
2422	1.721829668680878
1536	1.7185537995237068
1668	1.7161220138797835
582	1.7155502766230117
122	1.7153444285512571
2347	1.7142926155194305
552	1.7130520390801396
595	1.711238849089496
1608	1.7093526420962337
1369	1.7083412900165418
1315	1.7080408073716542
706	1.7040481415484119
2157	1.7022221434453724
328	1.7020764648042108
900	1.701451351653571
1258	1.6999273783587512
865	1.6998294066116466
1957	1.6990120055756586
1612	1.6978280250839681
1844	1.6964112889532843
522	1.6950292009022851
820	1.6865942028985508
2214	1.6865113025630158
2207	1.6855721393034828
1312	1.6855657917992222
265	1.684634974533107
743	1.6844807800246493
212	1.6836089563554986
1894	1.6822729710379676
109	1.6819445806424496
1726	1.6797863924050631
2304	1.679018800177202
636	1.678600655672967
1549	1.6777818093855832
84	1.6775591071192704
2633	1.6760084958801222
2480	1.6747164013815097
2562	1.6730693955868245
834	1.6723096784940865
1259	1.6702976610392015
2622	1.6695938936364207
953	1.668547189819724
1688	1.6680519827850133
2175	1.6674725565931334
2401	1.6674268026835004
2328	1.6673514734339683
452	1.6669194977020576
1576	1.665010111411427
2337	1.6638482602016966
146	1.6585656911011932
2130	1.6563653719208429
2211	1.6554744525547447
1480	1.6539544804196917
2468	1.6539261011566326
99	1.6536912751677855
1248	1.6475647213690217
1051	1.646796662665228
52	1.646145761286344
196	1.6449025068385665
1951	1.643840427136424
2092	1.6436814712245387
973	1.64294896033124
2606	1.6427216595372955
1640	1.6425002368097
72	1.6415187324466114
2016	1.641350295502354
769	1.640893715506498
532	1.6403390522875818
663	1.6370045526987302
1271	1.6346668355312106
1064	1.6342279047448016
1855	1.62882850990579
2267	1.6273197067758551
1071	1.6271991911021233
837	1.6265511962500339
2178	1.62411129551089
418	1.6239921885897615
83	1.623261593069925
2470	1.6205849370461822
2264	1.6204915195569403
420	1.6190516280936305
1652	1.6176842730190533
1419	1.6121331088331259
2668	1.6085075696968079
1343	1.608476187857225
1483	1.6070182228672796
468	1.6055150931996687
605	1.604773899079985
903	1.6040549947789764
763	1.6021156275228579
1289	1.6020868384688116
2015	1.6013986174201535
1325	1.600922948322493
2027	1.600634834875397
2321	1.5984079912595601
598	1.5955269253846889
1297	1.595133819951338
2423	1.5945165536667185
692	1.5934722222222224
173	1.592722911684589
1705	1.5926122844583022
1943	1.5918270074870173
1215	1.5906595461126185
1650	1.588000618170787
1851	1.5877472758184288
2281	1.5860487983352773
579	1.5834999473850366
1513	1.5834840778693664
2443	1.5830569715697411
1479	1.5820300788376012
2652	1.5819777055172126
812	1.5814037573162647
533	1.5793970281535605
1235	1.5792511264611155
614	1.575473031464763
1090	1.572374837057981
150	1.5720903448577301
2035	1.5698588157196716
139	1.5682683437946199
2040	1.56667770744643
257	1.5659474285714288
608	1.5656361474435194
2088	1.5642187274563557
1137	1.5632978741569195
1433	1.561151507420164
1204	1.5581611688361756
181	1.5577983943357294
178	1.5566446237958864
2412	1.5566270798089894
1217	1.5555822857364796
1148	1.5551243497045177
1502	1.5522884966337025
2166	1.5495279378472935
1544	1.5493504343188778
1742	1.547932627320947
890	1.5469379019572174
2012	1.5465418007999223
2355	1.5464435146443516
1920	1.5433392158809567
1531	1.542416717843969
1861	1.5401659901116687
404	1.5394132049538154
952	1.5391005668291016
934	1.5381207171688727
1548	1.537466674229962
2589	1.5342345314334829
1280	1.5330316742081447
871	1.532727829370344
2493	1.531912052697169
2072	1.5314766034273537
289	1.5313917407610491
345	1.52373553939401
554	1.523689605007935
2032	1.5235690236935358
2007	1.5230357392332383
2310	1.5223308305795782
2495	1.517467385138968
502	1.5167518905428727
2366	1.5149489986027012
1037	1.5143113938053097
2113	1.512742976479593
82	1.5114953800557884
1946	1.5098039215686274
126	1.5075867951496147
373	1.5071081054782527
1017	1.5064526260441182
121	1.5040434147718944
460	1.4966963656885572
2240	1.4927091219910738
1960	1.4923316484528948
715	1.4902037188952693
2444	1.4897586887124799
1671	1.4894755809958962
2618	1.487837388602089
742	1.485051711664681
1112	1.4844378207677817
1018	1.4798999286494885
492	1.4798403189848819
1407	1.4772074186355468
294	1.4765349032800674
1316	1.4731113096213195
1087	1.4713154232335817
2022	1.4668591192937124
1055	1.4668087208345035
756	1.4667674546454093
893	1.4605056909182903
1397	1.452456742088353
2004	1.452212138400454
1365	1.4488091711481783
2550	1.4484717679876873
1370	1.4458232855555855
2292	1.443548612079788
720	1.442674609728991
1905	1.441173237866441
114	1.437497180613233
905	1.437002858327238
185	1.4337074961936889
1262	1.431380093399422
219	1.4259765625
1698	1.4195921367488638
432	1.4171363156040861
938	1.4152001410685944
1187	1.412955395165949
1274	1.4109704641350211
2228	1.406842003095864
1034	1.4032824844424652
2196	1.3987154150197627
933	1.3980251183108847
2478	1.394786235662148
777	1.3942750522088847
853	1.392274274979453
1053	1.3901530269251925
2125	1.379026618296254
2316	1.371608527131783
695	1.3650064670421207
1639	1.3511780722877518
1308	1.3439478194312717
2510	1.3374643579157752
478	1.333463541666667
1458	1.3264296630396832
2378	1.3118234879888488
1102	1.2954545454545456
1807	1.2635102465875703
2306	1.2311046511627908
539	1.2280580851587497
1482	1.21
2351	1.191738131432086
1230	1.1800766283524904
1	1
2	1
3	1
4	1
5	1
6	1
7	1
8	1
9	1
10	1
11	1
12	1
13	1
14	1
15	1
16	1
17	1
18	1
19	1
20	1
21	1
22	1
23	1
24	1
25	1
26	1
27	1
28	1
29	1
30	1
31	1
32	1
33	1
34	1
35	1
36	1
37	1
38	1
39	1
40	1
41	1
42	1
43	1
515	1
677	1
1067	1
1229	1
2073	1
